0
0
0
0
-1.1852
-1.7442
0
0
0
0
-6.6593
0
0
0
0
0
-0.00034007
0
0
0
0
0
0
0
0
0
0
0
-1.6314
-0.00050426
-0.069017
-2.658e-13
0
-0.52541
-2.358
-0.013859
-2.8552e-05
-1.5977
0
0
0
0
0
0
0
0
0
0
0
-32.383
-35.139
-13.024
-17.419
-12.649
-14.092
-9.8531
-9.948
-11.437
-7.5017
-5.9333
-4.7726
-4.8359
-3.3175
-3.3657
-0.13538
-1.0439
-1.3215
-0.29899
-0.51689
-0.4428
-0.30975
-0.1807
-0.20591
-0.1203
-0.15998
-0.089674
-0.12451
-0.050389
-0.07373
-0.067708
0
0
0
0
0
0
0
0
0
0
0
0
0
0
0
0
0
0
0
0
0
0
0
0
0
0
0
0
0
0
0
0
