7552.3
860.81
465.81
93
279.83
0.77237
0.066441
0.39892
0.20081
5932.5
924.52
210.79
87.863
234.82
0.3829
0.076838
0.16707
0.087903
90.492
457.04
84.701
219.95
11.58
127.26
82.759
181.99
467.46
0.66687
6.7914
0.00072595
0.0092313
350.68
473.67
17.046
0.0012224
103.65
202.7
0.39324
95.684
0.008497
0.005169
204.48
202.26
8.0215
0.0005271
77.754
130.55
0.13971
0.098081
2.5732e-05
0.0035667
71.105
135.44
3.6686
8.7454e-05
11.463
194.07
0.4405
135.69
0.012061
0.0062447
230.36
247.31
10.466
0.00054447
57.027
9.096
92.977
76.243
42.062
45.729
34.428
31.325
29.996
23.124
24.062
17.398
14.023
12.159
11.183
9.9395
8.101
1.6008
2.2376
2.1828
1.5664
0.84601
1.1712
0.49783
0.61604
0.43343
0.31409
0.30838
0.227
0.18267
0.1461
0.13668
0.11074
8.4568
40.732
26.516
19.803
15.921
15.946
10.686
9.7271
9.6207
8.0051
7.9864
5.5677
5.211
4.8585
4.0166
3.6557
7.018
8.0693
6.8141
4.1542
3.2459
2.7237
2.8644
2.2115
2.7864
2.5352
2.0212
1.7212
1.4142
1.3277
1.4605
1.2394
4.1633e-17
0.20254
51
7.8824
0.82353
14
0.87931
1.8825
13.684
14
3.6567
0.03396
6.4922
8.1111
211.73
217.14
266.31
207.54
7916.8
296.17
226.73
469.12
221.33
2926
1
19
34.056
72.722
1900
